ID=3931719
brand=酷派
Model=8675-W00
Version=5.0.006.P1.150618.8675_W00
Android=5.0.2
Region=中国(China)
Platform=V8
Type=1
From=2
Name=[3931719]_酷派_8675-W00_5.0.006.P1.150618.8675_W00_中国(China)_5.0.2_中低端机套餐_20190617124413.CP8
pcos=32,64

