ID=3704615
brand=酷派
Model=8676-M01
Version=5.1.099.P1.150921.8676_M01
Android=5.1
Region=中国(China)
Platform=Official
Type=1
From=2
Name=酷派_8676-M01_5.1.099.P1.150921.8676_M01 .cpb
pcos=32,64

