ID=2103200
brand=酷派
Model=8675-A
Version=5.0.013.P0.150617.8675_A
Android=5.0.2
Region=中国(China)
Platform=V8
Type=1
From=2
Name=[2103200]_酷派_8675-A_5.0.013.P0.150617.8675_A_中国(China)_5.0.2_17-07-24_20180101203609.CP8
pcos=32,64

