ID=3704608
brand=酷派
Model=8676-A01
Version=5.1.099.P1.150923.8676_A01
Android=5.1
Region=中国(China)
Platform=Official
Type=1
From=2
Name=酷派_8676-A01_5.1.099.P1.150923.8676_A01 .cpb
pcos=32,64

