ID=3932354
brand=酷派
Model=8722V
Version=5.1.050.P1.160330.8722V-LC
Android=5.1
Region=中国(China)
Platform=Official
Type=1
From=2
Name=酷派_8722V_5.1.050.P1.160330.8722V-LC .cpb
pcos=32,64

